0 1 799.9999999999991
1 2 16.66666666666665
1 3 16.666666666666654
1 4 16.66666666666665
1 5 16.666666666666654
1 6 16.666666666666654
1 7 16.666666666666654
1 8 16.666666666666654
1 9 16.666666666666654
1 10 16.666666666666654
1 11 16.666666666666654
1 12 16.666666666666654
1 13 16.666666666666654
1 14 16.666666666666654
1 15 16.666666666666654
1 16 16.666666666666654
1 17 16.666666666666654
1 18 16.666666666666654
1 19 16.666666666666654
1 20 16.666666666666654
1 21 16.666666666666654
1 22 16.666666666666654
1 23 16.666666666666654
1 24 16.666666666666654
1 25 16.666666666666654
1 26 16.666666666666654
1 27 16.666666666666654
1 28 16.666666666666654
1 29 16.666666666666654
1 30 16.666666666666654
1 31 16.666666666666654
1 32 16.666666666666654
1 33 16.666666666666654
1 34 16.666666666666654
1 35 16.666666666666654
1 36 16.666666666666654
1 37 16.666666666666654
1 38 16.666666666666654
1 39 16.666666666666654
1 40 16.666666666666654
1 41 16.666666666666654
1 42 16.666666666666654
1 43 16.666666666666654
1 44 16.666666666666654
1 45 16.666666666666654
1 46 16.666666666666654
1 47 16.666666666666654
1 48 16.666666666666654
1 49 16.666666666666625
2 0 16.66666666666663
2 3 3.8648199299094904e-15
2 4 2.9247629143638366e-15
2 5 2.1335431169119312e-15
2 6 2.370179118986844e-15
2 7 2.4008521942961767e-15
2 8 2.5929225247235357e-15
2 9 1.8890597323138766e-15
2 10 2.5885099668742234e-15
2 11 2.398546460762234e-15
2 12 2.7254657570391956e-15
2 13 2.688352625227654e-15
2 14 2.3065383975173763e-15
2 15 2.3667711575624973e-15
2 16 2.5455869436267554e-15
2 17 2.6816605418632344e-15
2 18 2.701568849840991e-15
2 19 2.4640653556940452e-15
2 20 2.547738742235156e-15
2 21 2.7221771938628642e-15
2 22 2.4986603636836e-15
2 23 2.3944384090169608e-15
2 24 2.363094032510691e-15
2 25 2.5247642809906993e-15
2 26 2.4624625675850086e-15
2 27 2.1500019528550693e-15
2 28 2.4662895528007786e-15
2 29 2.390857547829924e-15
2 30 2.3472041837204183e-15
2 31 2.4481721842281265e-15
2 32 2.4639300485030834e-15
2 33 2.4315144199818183e-15
2 34 2.4315144199818782e-15
2 35 2.431514419981845e-15
2 36 2.431514419981826e-15
2 37 2.4315144199819287e-15
2 38 2.431514419981864e-15
2 39 2.4315144199818475e-15
2 40 2.4315144199818853e-15
2 41 2.431514419981898e-15
2 42 2.4315144199818995e-15
2 43 2.4315144199818593e-15
2 44 2.4315144199818703e-15
2 45 2.4315144199819106e-15
2 46 2.431514419981868e-15
2 47 2.4315144199818143e-15
2 48 2.4315144199818932e-15
3 0 16.666666666666657
3 49 5.988503619805675e-14
4 0 16.666666666666657
4 3 8.209026174905854e-16
4 10 4.321035270220985e-17
4 12 3.0325409886177533e-16
4 13 6.055258057442317e-17
4 18 6.900181503994585e-17
4 21 5.0965174225358706e-17
4 49 4.640269752391451e-15
5 0 16.666666666666657
5 3 2.043927293495182e-15
5 4 4.962765688841885e-16
5 6 3.642116980870929e-16
5 7 2.9346054441915397e-16
5 8 4.537801997914264e-16
5 9 2.0542408036766475e-16
5 10 5.241326776763602e-16
5 11 4.221864545615129e-16
5 12 4.511637687840816e-16
5 13 6.043948860155051e-16
5 14 3.412188913932348e-16
5 15 2.674644791617416e-16
5 16 4.784202772261415e-16
5 17 5.101163990280286e-16
5 18 5.118803641511195e-16
5 19 4.622667995893838e-16
5 20 5.057024523824167e-16
5 21 3.933410670664936e-16
5 22 3.769171556803137e-16
5 23 3.3686145089054325e-16
5 24 3.38395522778973e-16
5 25 4.70781470773265e-16
5 26 4.18487712901424e-16
5 27 1.439307897196923e-16
5 28 3.921644705629107e-16
5 29 3.405293847816694e-16
5 30 2.9687601772287956e-16
5 31 3.9784401823101353e-16
5 32 4.1360188250595823e-16
5 33 3.811862539847497e-16
5 34 3.8118625398479466e-16
5 35 3.8118625398480866e-16
5 36 3.8118625398479515e-16
5 37 3.8118625398477405e-16
5 38 3.81186253984793e-16
5 39 3.8118625398473796e-16
5 40 3.8118625398480807e-16
5 41 3.8118625398477395e-16
5 42 3.8118625398475285e-16
5 43 3.8118625398475265e-16
5 44 3.81186253984776e-16
5 45 3.81186253984769e-16
5 46 3.811862539847546e-16
5 47 3.8118625398469704e-16
5 48 3.811862539846231e-16
6 0 16.666666666666657
6 3 1.2794113600882599e-15
6 4 2.167977816029129e-16
6 8 7.610898754449506e-17
6 10 1.6787954816073013e-16
6 11 1.9480964378872712e-17
6 12 1.2340137474897158e-16
6 13 1.9589962204011634e-16
6 16 1.304459255048106e-16
6 17 4.990778240294483e-17
6 18 2.909654307063502e-16
6 19 1.1420441143246703e-16
6 20 1.6864160394384553e-16
6 21 3.4131630389285814e-16
6 22 4.8629684645553525e-17
6 25 1.145768072047528e-16
6 26 5.973712428996926e-17
6 28 1.513770703619318e-17
6 31 4.1628580705079644e-17
6 32 5.738644498004446e-17
6 33 2.4970816458808563e-17
6 34 2.4970816458843865e-17
6 35 2.497081645883775e-17
6 36 2.4970816458870292e-17
6 37 2.4970816458814085e-17
6 38 2.497081645883864e-17
6 39 2.4970816458798998e-17
6 40 2.49708164587988e-17
6 41 2.4970816458839526e-17
6 42 2.497081645883065e-17
6 43 2.4970816458883702e-17
6 44 2.49708164588131e-17
6 45 2.4970816458789828e-17
6 46 2.4970816458823552e-17
6 47 2.497081645882789e-17
6 48 2.497081645882434e-17
7 0 16.666666666666657
7 3 1.360282490507391e-15
7 4 3.189149633127985e-16
7 6 6.28300637799041e-17
7 8 1.3604112806568104e-16
7 9 9.817382447800234e-17
7 10 2.296691333815196e-16
7 11 1.373822486695759e-16
7 13 3.6123404221359075e-16
7 16 2.137062453155963e-16
7 17 2.294460945234108e-16
7 18 3.857711791940535e-16
7 19 1.5587477220514848e-16
7 20 2.388445539232246e-16
7 21 2.4970909639937025e-16
7 22 6.734133559984025e-17
7 23 8.30883023739455e-17
7 24 9.685013199676335e-17
7 25 2.2148532802305494e-16
7 26 1.5137380690344015e-16
7 27 1.6703889817728013e-17
7 28 1.0661341812059675e-16
7 29 7.131127275884369e-17
7 30 2.7657902751250397e-17
7 31 1.2862590325932342e-16
7 32 1.4438376753425343e-16
7 33 1.119681390130874e-16
7 34 1.1196813901312698e-16
7 35 1.1196813901313532e-16
7 36 1.1196813901310278e-16
7 37 1.1196813901309503e-16
7 38 1.1196813901311372e-16
7 39 1.1196813901306412e-16
7 40 1.1196813901313502e-16
7 41 1.119681390130941e-16
7 42 1.1196813901307822e-16
7 43 1.1196813901314005e-16
7 44 1.1196813901308562e-16
7 45 1.1196813901311126e-16
7 46 1.119681390131083e-16
7 47 1.119681390130553e-16
7 48 1.119681390130238e-16
8 0 16.666666666666657
8 3 1.2556083198236782e-15
8 4 1.2560700500106065e-16
8 10 1.0473093615518588e-16
8 12 8.221541684221905e-17
8 13 2.076054736434356e-16
8 16 5.24775070010421e-17
8 18 4.324568953429818e-17
8 19 7.600078305213096e-17
8 20 8.196949629518104e-17
8 21 1.5871852132222565e-16
8 25 4.033670954430245e-17
8 27 1.7130555367117419e-16
9 0 16.666666666666657
9 3 1.354906451662208e-15
9 4 1.2866852778398768e-15
9 6 1.3961142069079273e-16
9 8 8.64493568443621e-18
9 10 4.347413689953236e-16
9 11 2.8018541275998426e-16
9 12 3.190157043543568e-16
9 13 5.226927548352913e-16
9 14 2.242769327796093e-16
9 15 2.4128945205220816e-16
9 16 3.9006809854171153e-16
9 17 4.852997490426625e-16
9 18 4.3272556907364295e-16
9 19 3.971341571016164e-16
9 20 4.479688475764555e-16
9 21 4.659997705624141e-16
9 22 3.6929712815725557e-16
9 23 2.480923246783121e-16
9 24 2.343487305139203e-16
9 25 3.683971046787487e-16
9 26 3.230549399071027e-16
9 27 3.900317517572282e-16
9 28 2.6761305235844706e-16
9 29 2.4627293460544414e-16
9 30 2.0261956828380656e-16
9 31 3.035875687920392e-16
9 32 3.193454330669425e-16
9 33 2.8692980454581663e-16
9 34 2.869298045457905e-16
9 35 2.8692980454576763e-16
9 36 2.8692980454575643e-16
9 37 2.869298045458064e-16
9 38 2.869298045457873e-16
9 39 2.8692980454576097e-16
9 40 2.86929804545804e-16
9 41 2.8692980454578784e-16
9 42 2.8692980454576457e-16
9 43 2.869298045457846e-16
9 44 2.8692980454576156e-16
9 45 2.8692980454578064e-16
9 46 2.86929804545806e-16
9 47 2.8692980454580007e-16
9 48 2.869298045457946e-16
10 0 16.666666666666657
10 3 1.1222702376412076e-15
10 13 1.7501049191376622e-17
10 49 6.43146148100072e-16
11 0 16.66666666666666
11 3 1.2554303754657146e-15
11 4 1.1749953516502834e-16
11 8 3.679871701576672e-17
11 10 1.3409586941334562e-16
11 12 2.330396755512821e-16
11 13 2.1082813076717222e-16
11 16 1.000650274126784e-16
11 17 4.984359930906013e-17
11 18 5.831169469987471e-17
11 19 7.027327133267283e-17
11 20 1.87292270422734e-16
11 21 1.5291937629787786e-16
11 25 9.168051257169764e-17
11 26 2.6061478722662097e-17
11 31 8.353791478077916e-18
11 32 2.4111655752993985e-17
12 0 16.666666666666657
12 3 9.931766025018547e-16
12 7 1.875712715941026e-17
12 10 1.0321627857673028e-16
12 13 1.087509417798066e-16
12 17 3.0817151608679396e-17
12 18 1.160098650424705e-16
12 20 5.804771760617239e-17
12 21 4.0133746472566444e-17
12 49 3.490550232724674e-15
13 0 16.666666666666657
13 3 1.0206847263376056e-15
13 49 2.0333198279714463e-15
14 0 16.666666666666657
14 3 1.3330803014085901e-15
14 4 2.4756934446805666e-16
14 6 6.462203560609345e-17
14 7 1.929594591983832e-17
14 8 1.3996399634999086e-16
14 10 2.232302250042604e-16
14 11 7.859238878982865e-17
14 12 2.0272868063794603e-16
14 13 2.923413942522543e-16
14 15 2.897771662161975e-17
14 16 1.9005984295198984e-16
14 17 1.800056164034295e-16
14 18 1.6279314137912041e-16
14 19 1.904708724988139e-16
14 20 1.6577452886184125e-16
14 21 2.9839178115458696e-16
14 22 1.3677804345950777e-16
14 23 3.754449362994853e-17
14 24 2.148999153362565e-17
14 25 1.3608761110869132e-16
14 26 1.1461528814331788e-16
14 27 1.064354150450776e-16
14 28 5.5319662559311706e-17
14 29 4.170694997816417e-17
14 31 9.902159050475572e-17
14 32 1.1477945477970496e-16
14 33 8.236382625852609e-17
14 34 8.23638262585397e-17
14 35 8.236382625851142e-17
14 36 8.236382625851103e-17
14 37 8.236382625851241e-17
14 38 8.236382625850275e-17
14 39 8.23638262584884e-17
14 40 8.236382625851029e-17
14 41 8.236382625849843e-17
14 42 8.236382625853134e-17
14 43 8.236382625849663e-17
14 44 8.236382625853903e-17
14 45 8.236382625852363e-17
14 46 8.236382625853386e-17
14 47 8.236382625853095e-17
14 48 8.236382625843367e-17
15 0 16.666666666666657
15 3 1.4381497567640093e-15
15 4 1.871795621134767e-16
15 6 2.070919083737392e-17
15 7 7.971322151148863e-18
15 8 1.0811769713126693e-16
15 10 2.6697043952188457e-16
15 11 3.505662618958355e-17
15 12 1.3770604898588474e-16
15 13 3.0543443249782147e-16
15 16 1.677741540103276e-16
15 17 1.5962123449535201e-16
15 18 1.251437525305668e-16
15 19 1.5720833088779733e-16
15 20 1.958915306649271e-16
15 21 2.869531407256553e-16
15 23 3.284818634262749e-17
15 24 1.4185791224869513e-17
15 25 1.5636364454270707e-16
15 26 1.0604348189352633e-16
15 27 2.2915195568986905e-16
15 28 6.096150635026647e-17
15 29 3.0269459991751284e-17
15 31 8.758409787362221e-17
15 32 1.0334196214853198e-16
15 33 7.092633362734407e-17
15 34 7.092633362737232e-17
15 35 7.092633362736226e-17
15 36 7.092633362737735e-17
15 37 7.092633362736399e-17
15 38 7.09263336273559e-17
15 39 7.092633362733712e-17
15 40 7.092633362733302e-17
15 41 7.092633362733204e-17
15 42 7.092633362735395e-17
15 43 7.092633362734648e-17
15 44 7.092633362734732e-17
15 45 7.09263336273416e-17
15 46 7.092633362731853e-17
15 47 7.092633362733569e-17
15 48 7.092633362732504e-17
16 0 16.666666666666657
16 3 1.1656688955602696e-15
16 4 8.594435531321335e-17
16 10 1.005636424051515e-16
16 12 8.149373902199479e-18
16 13 1.6864662230609602e-16
16 18 1.1578071960266494e-17
16 20 2.0149283706745244e-17
16 21 1.6787201210744983e-16
17 0 16.666666666666657
17 3 1.2307421977822926e-15
17 4 1.5604936592922663e-17
17 8 4.2752083322205414e-17
17 10 4.8851290513140174e-17
17 13 3.5922014760444175e-17
17 16 1.6308591733789406e-17
17 19 1.0828865431657418e-19
17 20 3.072109638483882e-17
17 21 1.161574684451662e-16
17 25 5.1681198059615525e-18
17 27 1.0010217657946035e-16
18 0 16.666666666666657
18 3 1.3123929058153486e-15
18 10 4.3825995671775996e-17
18 13 1.5473963568290845e-16
18 17 2.948633793408677e-17
18 19 1.2844381689484422e-17
18 20 3.7465302444525455e-17
18 21 1.424465950234064e-16
18 25 2.986992783117619e-17
18 49 4.827959835430392e-16
19 0 16.666666666666657
19 3 1.094578830990044e-15
19 4 1.3543056337426482e-16
19 10 6.288892746717396e-17
19 12 4.671409300600413e-17
19 13 1.239044318481124e-16
19 16 9.826910721562336e-18
19 20 5.557781149488578e-17
19 21 1.5705591678398042e-16
19 25 1.3261851082770663e-17
20 0 16.666666666666657
20 3 1.1965628512953113e-15
20 4 1.1744825177191963e-16
20 10 1.3395625331823522e-17
20 13 1.5253757891107046e-16
20 21 1.0285088896605877e-16
20 49 5.673143212641055e-16
21 0 16.666666666666657
21 3 1.0025671996284271e-15
21 10 1.7758194838066327e-17
21 13 7.206182318039056e-17
22 0 16.666666666666657
22 3 1.2714809876196498e-15
22 4 2.7794008662320804e-16
22 8 2.5697890633223736e-16
22 10 3.3578365784903825e-16
22 11 1.5185863196272707e-17
22 12 2.144127588797521e-16
22 13 2.0923293555220822e-16
22 15 5.2728046762979856e-17
22 16 6.264740921843632e-17
22 17 9.950628211679907e-17
22 18 3.9182601895099685e-17
22 19 1.1936443578661208e-16
22 20 1.9175701538824049e-16
22 21 2.0620148205521706e-16
22 25 8.927306892245836e-17
22 26 4.3623323064725184e-17
22 27 5.1187707006302736e-17
22 28 2.8819202788985524e-18
22 31 2.269911999146624e-17
22 32 3.8456984266413655e-17
22 33 6.0413557452186776e-18
22 34 6.041355745228834e-18
22 35 6.041355745247767e-18
22 36 6.041355745183869e-18
22 37 6.041355745197181e-18
22 38 6.0413557452397796e-18
22 39 6.04135574521e-18
22 40 6.041355745211085e-18
22 41 6.041355745195899e-18
22 42 6.041355745222326e-18
22 43 6.041355745195357e-18
22 44 6.041355745194223e-18
22 45 6.041355745189391e-18
22 46 6.0413557452126625e-18
22 47 6.041355745233567e-18
22 48 6.041355745185743e-18
23 0 16.666666666666657
23 3 1.2784131029995995e-15
23 4 2.3682174616951637e-16
23 6 1.0124089106483687e-17
23 8 7.828512806553845e-17
23 10 2.459593431994754e-16
23 11 5.828383493821378e-17
23 12 1.549222040070439e-16
23 13 2.7309500542190347e-16
23 16 1.4255934555774225e-16
23 17 1.2709699782482589e-16
23 18 1.1236449093324071e-16
23 19 1.3843044838262652e-16
23 20 1.6893489199039087e-16
23 21 2.360301330683305e-16
23 22 3.194915206711764e-17
23 25 1.3449961713746712e-16
23 26 7.162652225618419e-17
23 27 1.7845285425878356e-16
23 28 2.398295362519945e-17
23 31 5.4864404394164896e-17
23 32 7.062226866910129e-17
23 33 3.820664014793418e-17
23 34 3.820664014793073e-17
23 35 3.8206640147924624e-17
23 36 3.8206640147910394e-17
23 37 3.820664014792643e-17
23 38 3.820664014791379e-17
23 39 3.820664014789718e-17
23 40 3.820664014793199e-17
23 41 3.820664014790847e-17
23 42 3.82066401479025e-17
23 43 3.8206640147901914e-17
23 44 3.820664014789922e-17
23 45 3.820664014791392e-17
23 46 3.820664014793179e-17
23 47 3.820664014795314e-17
23 48 3.8206640148018566e-17
24 0 16.666666666666657
24 3 1.2926045569889784e-15
24 4 2.6387439882649336e-16
24 6 2.3157135428876102e-17
24 8 8.587850402308506e-17
24 10 2.428966974436694e-16
24 11 7.230013856143398e-17
24 12 1.879475338773668e-16
24 13 2.8108261234630105e-16
24 16 1.5133633877772072e-16
24 17 1.400988461315232e-16
24 18 1.1753190964660161e-16
24 19 1.2433123743882326e-16
24 20 1.7938166947871417e-16
24 21 2.62284375431196e-16
24 22 4.737456270268564e-17
24 23 3.442502866693924e-18
24 25 1.4035248015844848e-16
24 26 7.964964256984287e-17
24 27 3.768952979418072e-17
24 28 6.595537841213621e-17
24 29 8.085673345492258e-18
24 31 6.540031003859806e-17
24 32 8.115817431354772e-17
24 33 4.87425457923429e-17
24 34 4.8742545792332746e-17
24 35 4.87425457923447e-17
24 36 4.8742545792358334e-17
24 37 4.8742545792375936e-17
24 38 4.8742545792317166e-17
24 39 4.874254579232244e-17
24 40 4.8742545792358186e-17
24 41 4.874254579232476e-17
24 42 4.874254579231529e-17
24 43 4.87425457923217e-17
24 44 4.874254579235636e-17
24 45 4.874254579232917e-17
24 46 4.874254579231983e-17
24 47 4.8742545792352664e-17
24 48 4.874254579228709e-17
25 0 16.666666666666657
25 3 1.1604944906916764e-15
25 4 8.29203854478856e-17
25 10 1.0981955459340732e-16
25 12 1.169653933462386e-17
25 13 1.427876758214568e-16
25 16 1.6568671575907957e-17
25 20 3.684491780241852e-17
25 21 1.0870734311775178e-16
26 0 16.666666666666657
26 3 1.2062376488853386e-15
26 4 1.5678823208422746e-16
26 8 9.631298244889487e-19
26 10 1.614737104498973e-16
26 12 7.944949864889391e-17
26 13 1.8426343404707756e-16
26 16 6.129753243279105e-17
26 17 5.3939125846872866e-17
26 18 3.5779041802225744e-17
26 19 5.694854033197065e-17
26 20 8.816291943213599e-17
26 21 1.5905444986554894e-16
26 25 6.020383006910315e-17
26 27 3.626209666724933e-17
27 0 16.666666666666657
27 3 1.0770843872298997e-15
27 4 2.159939695028938e-16
27 6 2.6826739084330177e-17
27 10 2.0410416300947679e-16
27 11 3.902162130250273e-18
27 12 2.0743684015877815e-16
27 13 4.43158969032459e-17
27 16 5.687565708975956e-17
27 18 5.313747051965135e-17
27 19 1.5247243013495078e-16
27 20 1.703682903596429e-17
27 21 7.183283200907785e-17
27 25 6.622856725571552e-18
28 0 16.666666666666657
28 3 1.2651860962011518e-15
28 4 1.6445806985113772e-16
28 8 7.159053624293067e-17
28 10 2.1026042281575106e-16
28 11 3.6050628791617466e-17
28 12 7.458748572364393e-17
28 13 2.3382259096528866e-16
28 16 1.0588393488816663e-16
28 17 1.1047927703595847e-16
28 18 6.280619314506877e-17
28 19 9.487753588222144e-17
28 20 1.2891814913727425e-16
28 21 1.685227624918347e-16
28 25 1.1885542107221152e-16
28 26 4.2390971548998554e-17
28 27 6.12472038266084e-17
28 31 2.7691973552514985e-17
28 32 4.344983782746033e-17
28 33 1.1034209306272081e-17
28 34 1.1034209306264612e-17
28 35 1.1034209306266609e-17
28 36 1.1034209306279502e-17
28 37 1.1034209306239073e-17
28 38 1.1034209306230666e-17
28 39 1.1034209306276593e-17
28 40 1.1034209306265302e-17
28 41 1.103420930626614e-17
28 42 1.1034209306254603e-17
28 43 1.1034209306228867e-17
28 44 1.1034209306245235e-17
28 45 1.103420930625485e-17
28 46 1.1034209306305337e-17
28 47 1.1034209306240946e-17
28 48 1.1034209306283791e-17
29 0 16.666666666666657
29 3 1.2763400855000636e-15
29 4 2.3304078063215585e-16
29 6 1.5686051491033477e-17
29 8 8.169078425408661e-17
29 10 2.2738558935103923e-16
29 11 4.896084433038387e-17
29 12 1.5414663185533963e-16
29 13 2.706175372710555e-16
29 16 1.3495147285208665e-16
29 17 1.2900943500202111e-16
29 18 1.1365097830528706e-16
29 19 1.3290183918474663e-16
29 20 1.6641558540819376e-16
29 21 2.286755658982154e-16
29 22 3.461551818524903e-17
29 23 2.450232004075347e-18
29 25 1.43005510960389e-16
29 26 7.484816252227501e-17
29 27 9.795618747837216e-17
29 28 2.962266416087161e-17
29 31 5.731463721115524e-17
29 32 7.307250148611023e-17
29 33 4.065687296493074e-17
29 34 4.065687296488859e-17
29 35 4.065687296492049e-17
29 36 4.065687296493173e-17
29 37 4.06568729649052e-17
29 38 4.0656872964930767e-17
29 39 4.065687296491641e-17
29 40 4.0656872964938236e-17
29 41 4.065687296490185e-17
29 42 4.0656872964916346e-17
29 43 4.065687296489529e-17
29 44 4.065687296492078e-17
29 45 4.06568729649003e-17
29 46 4.0656872964873155e-17
29 47 4.065687296490165e-17
29 48 4.0656872964902054e-17
30 0 16.666666666666657
30 3 1.3199934457764156e-15
30 4 2.766941423830724e-16
30 6 5.933941980303376e-17
30 8 1.253441486589078e-16
30 10 2.7103895419820567e-16
30 11 9.26142090299815e-17
30 12 1.9779999626913222e-16
30 13 3.142708993170412e-16
30 14 1.946410003541214e-18
30 15 1.3383902634641517e-17
30 16 1.786048322439707e-16
30 17 1.7266279291938959e-16
30 18 1.5730434241512292e-16
30 19 1.7655520613289284e-16
30 20 2.100689492233452e-16
30 21 2.723289311878434e-16
30 22 7.826888051674328e-17
30 23 4.610359611393879e-17
30 24 3.5567690469572894e-17
30 25 1.8665887296931755e-16
30 26 1.1850152604248523e-16
30 27 1.4160955150060832e-16
30 28 7.327602695571931e-17
30 29 4.3653363297043306e-17
30 31 1.0096800050824356e-16
30 32 1.1672586478317865e-16
30 33 8.43102362619894e-17
30 34 8.431023626201025e-17
30 35 8.431023626202184e-17
30 36 8.431023626200803e-17
30 37 8.431023626201119e-17
30 38 8.431023626202834e-17
30 39 8.431023626202193e-17
30 40 8.431023626196455e-17
30 41 8.431023626200034e-17
30 42 8.431023626199334e-17
30 43 8.431023626201217e-17
30 44 8.431023626202558e-17
30 45 8.431023626197017e-17
30 46 8.431023626197781e-17
30 47 8.43102362619355e-17
30 48 8.431023626201414e-17
31 0 16.666666666666657
31 3 1.2190254452683074e-15
31 4 1.7572614187488217e-16
31 8 2.4376148150778857e-17
31 10 1.7007095369004748e-16
31 12 9.68319957612237e-17
31 13 2.1330289880865724e-16
31 16 7.763683173572617e-17
31 17 7.169479241123243e-17
31 18 5.633634190707441e-17
31 19 7.558720562475952e-17
31 20 1.0910094871513364e-16
31 21 1.7136093067952966e-16
31 25 8.569087246111592e-17
31 26 1.7533525534269057e-17
31 27 4.064155099254247e-17
31 32 1.5757864274935557e-17
32 0 16.666666666666657
32 3 1.2032675809934117e-15
32 4 1.5996827759991804e-16
32 8 8.618283875798114e-18
32 10 1.5431308941511636e-16
32 12 8.107413148625255e-17
32 13 1.9754503453373472e-16
32 16 6.187896746079528e-17
32 17 5.593692813629596e-17
32 18 4.057847763213934e-17
32 19 5.982934134986032e-17
32 20 9.334308444018224e-17
32 21 1.5560306640460243e-16
32 25 6.993300818617556e-17
32 26 1.775661259353585e-18
32 27 2.488368671763132e-17
33 0 16.666666666666657
33 3 1.2356832095145944e-15
33 4 1.9238390612111496e-16
33 8 4.1033912397007537e-17
33 10 1.8672871793631208e-16
33 11 8.303972768192105e-18
33 12 1.1348976000747075e-16
33 13 2.299606630549498e-16
33 16 9.429459598195676e-17
33 17 8.835255665749746e-17
33 18 7.299410615336062e-17
33 19 9.224496987102212e-17
33 20 1.2575871296136178e-16
33 21 1.8801869492578863e-16
33 25 1.0234863670738745e-16
33 26 3.4191289780514925e-17
33 27 5.729931523878146e-17
33 31 1.6657764246251668e-17
33 32 3.2415628521163885e-17
33 34 1.7256332301709633e-29
33 35 1.7897281787201705e-29
33 39 1.2375255450654623e-29
33 43 3.50057026691824e-30
33 45 3.1455828595687846e-29
33 48 1.5690936442911688e-29
34 0 16.666666666666657
34 3 1.2356832095145932e-15
34 4 1.9238390612112487e-16
34 8 4.103391239699472e-17
34 10 1.867287179362939e-16
34 11 8.303972768206403e-18
34 12 1.134897600074737e-16
34 13 2.299606630549208e-16
34 16 9.429459598197086e-17
34 17 8.835255665754301e-17
34 18 7.299410615331896e-17
34 19 9.224496987099813e-17
34 20 1.2575871296137145e-16
34 21 1.8801869492577813e-16
34 25 1.0234863670735636e-16
34 26 3.4191289780524884e-17
34 27 5.729931523883298e-17
34 31 1.66577642462395e-17
34 32 3.2415628521178627e-17
34 35 1.1783609771738864e-29
34 38 2.0978769698221283e-29
34 40 6.871718041573658e-30
34 41 5.139921835580655e-30
34 42 1.2005476901332273e-29
34 43 5.5220263365470826e-30
34 44 1.1241267899399418e-29
34 45 1.8242408433235898e-30
34 46 1.4544622940012405e-29
34 48 2.0806206375204186e-29
35 0 16.666666666666657
35 3 1.235683209514555e-15
35 4 1.923839061211137e-16
35 8 4.103391239696928e-17
35 10 1.8672871793627944e-16
35 11 8.303972768174122e-18
35 12 1.1348976000746523e-16
35 13 2.2996066305492013e-16
35 16 9.429459598197658e-17
35 17 8.835255665747852e-17
35 18 7.299410615330876e-17
35 19 9.224496987099673e-17
35 20 1.2575871296133664e-16
35 21 1.8801869492577054e-16
35 25 1.0234863670737768e-16
35 26 3.419128978052326e-17
35 27 5.729931523878249e-17
35 31 1.6657764246249375e-17
35 32 3.2415628521152446e-17
35 36 1.4840445779470285e-29
35 38 2.8922845532829753e-29
35 46 5.7931972727168054e-30
35 47 2.4454688061851366e-29
35 48 5.665007375618391e-29
36 0 16.666666666666657
36 3 1.2356832095145936e-15
36 4 1.9238390612110478e-16
36 8 4.10339123969536e-17
36 10 1.8672871793625656e-16
36 11 8.30397276815922e-18
36 12 1.134897600074848e-16
36 13 2.2996066305490376e-16
36 16 9.429459598202224e-17
36 17 8.835255665753054e-17
36 18 7.299410615333494e-17
36 19 9.224496987100496e-17
36 20 1.257587129613389e-16
36 21 1.880186949258012e-16
36 25 1.0234863670737127e-16
36 26 3.419128978054308e-17
36 27 5.729931523879353e-17
36 31 1.6657764246264634e-17
36 32 3.241562852116635e-17
36 33 2.0904813988356813e-29
36 34 1.6960509462251754e-29
36 38 4.930380657631324e-32
36 47 3.1899562854874665e-29
37 0 16.666666666666657
37 3 1.2356832095146236e-15
37 4 1.9238390612111696e-16
37 8 4.10339123970065e-17
37 10 1.8672871793630717e-16
37 11 8.30397276817687e-18
37 12 1.134897600074524e-16
37 13 2.299606630549308e-16
37 16 9.429459598197954e-17
37 17 8.83525566574875e-17
37 18 7.299410615331435e-17
37 19 9.224496987102932e-17
37 20 1.2575871296137302e-16
37 21 1.880186949258026e-16
37 25 1.0234863670738984e-16
37 26 3.419128978054162e-17
37 27 5.729931523880626e-17
37 31 1.6657764246237813e-17
37 32 3.241562852120668e-17
37 33 1.9573611210796355e-29
37 34 9.860761315262648e-32
37 35 1.6960509462251754e-29
37 36 1.8612186982558247e-29
37 38 1.8042111719019625e-29
37 40 1.6073040943878116e-29
37 41 1.4310429858774917e-29
37 42 1.3065508742723008e-29
37 43 2.1422503957408102e-29
37 44 1.0846837446788912e-29
37 45 1.0359962356847819e-29
37 48 2.5637979419682884e-30
38 0 16.666666666666657
38 3 1.2356832095145697e-15
38 4 1.923839061211575e-16
38 8 4.1033912397021786e-17
38 10 1.8672871793631595e-16
38 11 8.30397276816235e-18
38 12 1.1348976000749801e-16
38 13 2.299606630549053e-16
38 16 9.429459598200658e-17
38 17 8.835255665748316e-17
38 18 7.299410615334073e-17
38 19 9.224496987103213e-17
38 20 1.2575871296138668e-16
38 21 1.8801869492576704e-16
38 25 1.0234863670737364e-16
38 26 3.4191289780552716e-17
38 27 5.729931523880944e-17
38 31 1.6657764246258502e-17
38 32 3.2415628521147454e-17
38 33 7.666741922616708e-30
38 39 1.0341473429381702e-29
38 40 2.0091301179847644e-29
38 44 7.617438116040395e-30
38 45 1.5148594570572242e-29
39 0 16.666666666666657
39 3 1.2356832095146068e-15
39 4 1.9238390612115197e-16
39 8 4.1033912397002064e-17
39 10 1.8672871793630604e-16
39 11 8.303972768197676e-18
39 12 1.134897600074986e-16
39 13 2.2996066305491594e-16
39 16 9.429459598199921e-17
39 17 8.835255665750454e-17
39 18 7.299410615336405e-17
39 19 9.22449698710132e-17
39 20 1.2575871296137573e-16
39 21 1.8801869492580653e-16
39 25 1.0234863670739282e-16
39 26 3.419128978052407e-17
39 27 5.729931523878589e-17
39 31 1.6657764246240537e-17
39 32 3.241562852121627e-17
39 34 1.2572470676959876e-30
39 35 3.6361557350031013e-29
39 36 7.839305245633805e-30
39 37 1.3065508742723008e-29
39 40 7.592786212752239e-30
39 41 2.8251081168227485e-29
39 44 2.684592268080256e-29
39 47 3.258981614694305e-29
39 48 3.0714730753087637e-30
40 0 16.666666666666657
40 3 1.235683209514572e-15
40 4 1.923839061211248e-16
40 8 4.103391239697628e-17
40 10 1.8672871793635182e-16
40 11 8.303972768142555e-18
40 12 1.1348976000747302e-16
40 13 2.2996066305493236e-16
40 16 9.42945959819966e-17
40 17 8.835255665750589e-17
40 18 7.299410615330141e-17
40 19 9.224496987099838e-17
40 20 1.2575871296136474e-16
40 21 1.8801869492576453e-16
40 25 1.0234863670736225e-16
40 26 3.4191289780551804e-17
40 27 5.729931523880108e-17
40 31 1.665776424624437e-17
40 32 3.241562852119051e-17
40 33 1.370645822821508e-29
40 35 1.4630904601520953e-29
40 36 1.1832913578315177e-30
40 41 1.1161149213712909e-29
40 42 8.011868568650901e-30
40 45 3.9196526228169024e-30
40 47 1.1832913578315177e-29
40 48 1.3312027775604574e-30
41 0 16.666666666666657
41 3 1.2356832095145701e-15
41 4 1.9238390612115337e-16
41 8 4.1033912397024054e-17
41 10 1.8672871793630766e-16
41 11 8.303972768194225e-18
41 12 1.1348976000749649e-16
41 13 2.2996066305491964e-16
41 16 9.429459598199571e-17
41 17 8.835255665746447e-17
41 18 7.29941061533502e-17
41 19 9.224496987105811e-17
41 20 1.257587129613886e-16
41 21 1.8801869492578622e-16
41 25 1.0234863670739191e-16
41 26 3.419128978052005e-17
41 27 5.729931523882509e-17
41 31 1.6657764246272696e-17
41 32 3.241562852119386e-17
41 33 6.360191048344408e-30
41 35 1.3681806324926924e-29
41 36 2.805386594192223e-29
41 38 5.100478790319604e-29
41 42 9.811457508686334e-30
41 45 1.8784750305575344e-29
41 47 2.1028073504797596e-29
42 0 16.666666666666657
42 3 1.2356832095145993e-15
42 4 1.9238390612117896e-16
42 8 4.1033912397033224e-17
42 10 1.867287179362889e-16
42 11 8.30397276819245e-18
42 12 1.134897600074486e-16
42 13 2.299606630549229e-16
42 16 9.429459598197969e-17
42 17 8.835255665750876e-17
42 18 7.299410615334169e-17
42 19 9.224496987104642e-17
42 20 1.2575871296140315e-16
42 21 1.8801869492580826e-16
42 25 1.02348636707362e-16
42 26 3.4191289780553973e-17
42 27 5.729931523882297e-17
42 31 1.66577642462847e-17
42 32 3.2415628521159053e-17
42 33 2.4849118514461872e-29
42 35 3.135722098253522e-29
42 36 6.803925307531227e-30
42 38 4.683861624749758e-31
42 39 1.8119148916795115e-29
42 43 8.67746995743113e-30
42 44 3.009997391483923e-29
42 46 5.17689969051289e-30
42 47 2.6426840324903895e-29
43 0 16.666666666666657
43 3 1.235683209514579e-15
43 4 1.923839061211648e-16
43 8 4.103391239699299e-17
43 10 1.867287179363101e-16
43 11 8.303972768194817e-18
43 12 1.134897600074819e-16
43 13 2.299606630549379e-16
43 16 9.42945959820031e-17
43 17 8.835255665747537e-17
43 18 7.299410615329941e-17
43 19 9.224496987104748e-17
43 20 1.257587129613526e-16
43 21 1.880186949257881e-16
43 25 1.0234863670733449e-16
43 26 3.4191289780547046e-17
43 27 5.729931523881967e-17
43 31 1.6657764246261183e-17
43 32 3.241562852117996e-17
43 35 1.232595164407831e-29
43 36 1.8932661725304283e-29
43 38 2.5933802259140763e-29
43 39 1.6373486015202524e-29
43 40 1.5481395264962357e-29
43 41 2.6204973195310486e-29
43 44 2.463957733651254e-29
43 46 2.3493263833613258e-29
44 0 16.666666666666657
44 3 1.2356832095146163e-15
44 4 1.9238390612111755e-16
44 8 4.103391239697771e-17
44 10 1.8672871793627591e-16
44 11 8.303972768175293e-18
44 12 1.1348976000749866e-16
44 13 2.299606630549321e-16
44 16 9.429459598199891e-17
44 17 8.835255665752078e-17
44 18 7.299410615334482e-17
44 19 9.224496987101314e-17
44 20 1.2575871296140768e-16
44 21 1.8801869492580362e-16
44 25 1.0234863670736661e-16
44 26 3.419128978055089e-17
44 27 5.729931523880766e-17
44 31 1.665776424626217e-17
44 32 3.24156285211663e-17
44 33 9.782183373531648e-30
44 35 9.860761315262648e-30
44 36 4.7504217636277805e-29
44 40 8.82538137716007e-30
44 41 7.099748146989106e-30
44 46 1.1191964092823105e-29
44 47 1.7946585593778019e-29
45 0 16.666666666666657
45 3 1.2356832095146391e-15
45 4 1.9238390612117198e-16
45 8 4.103391239700926e-17
45 10 1.8672871793629102e-16
45 11 8.303972768192352e-18
45 12 1.134897600075561e-16
45 13 2.299606630549114e-16
45 16 9.429459598200281e-17
45 17 8.835255665748545e-17
45 18 7.299410615336952e-17
45 19 9.224496987101105e-17
45 20 1.2575871296136464e-16
45 21 1.8801869492579776e-16
45 25 1.023486367073869e-16
45 26 3.419128978052143e-17
45 27 5.729931523880428e-17
45 31 1.6657764246244087e-17
45 32 3.2415628521193023e-17
45 35 2.0288516406152897e-29
45 36 3.4602027752838834e-29
45 39 2.1910919791304705e-29
45 42 1.6898879704031362e-29
45 43 2.8596207814261678e-30
45 44 2.6377536518327582e-30
45 48 5.894270076198248e-29
46 0 16.666666666666657
46 3 1.235683209514559e-15
46 4 1.9238390612111792e-16
46 8 4.103391239703919e-17
46 10 1.8672871793626317e-16
46 11 8.303972768144428e-18
46 12 1.1348976000752957e-16
46 13 2.299606630549475e-16
46 16 9.429459598200138e-17
46 17 8.83525566574835e-17
46 18 7.299410615331867e-17
46 19 9.224496987102769e-17
46 20 1.2575871296137016e-16
46 21 1.880186949258236e-16
46 25 1.0234863670738192e-16
46 26 3.419128978055671e-17
46 27 5.729931523879854e-17
46 31 1.665776424627277e-17
46 32 3.241562852118844e-17
46 33 1.34106353887572e-29
46 36 3.2491208533790424e-29
46 37 2.0214560696288428e-29
46 38 1.8414971756252994e-29
46 39 3.668203209277705e-29
46 40 1.1746631916806629e-29
46 41 3.6490979842293835e-29
46 45 1.2646426386824346e-29
46 48 1.0864093779090622e-28
47 0 16.666666666666657
47 3 1.2356832095145772e-15
47 4 1.9238390612117568e-16
47 8 4.103391239707962e-17
47 10 1.867287179362819e-16
47 11 8.303972768189492e-18
47 12 1.134897600074984e-16
47 13 2.299606630548452e-16
47 16 9.42945959820391e-17
47 17 8.835255665753458e-17
47 18 7.299410615330518e-17
47 19 9.224496987103787e-17
47 20 1.2575871296137263e-16
47 21 1.8801869492578918e-16
47 25 1.0234863670741003e-16
47 26 3.419128978050403e-17
47 27 5.729931523885295e-17
47 31 1.6657764246337752e-17
47 32 3.241562852117293e-17
47 33 8.514767395729296e-29
47 34 1.0600318413907346e-30
47 37 3.1677695725281255e-29
47 38 3.895000719528746e-30
47 43 4.5310198243631866e-29
47 45 2.3024877671138282e-29
47 46 7.987216665362745e-30
47 48 5.571330143123396e-30
48 0 16.666666666666657
48 3 1.2356832095146823e-15
48 4 1.923839061211139e-16
48 8 4.103391239696484e-17
48 10 1.867287179362864e-16
48 11 8.303972768188999e-18
48 12 1.1348976000750585e-16
48 13 2.2996066305492556e-16
48 16 9.429459598203454e-17
48 17 8.835255665747414e-17
48 18 7.299410615336245e-17
48 19 9.22449698710167e-17
48 20 1.2575871296138515e-16
48 21 1.8801869492579214e-16
48 25 1.0234863670738823e-16
48 26 3.419128978056255e-17
48 27 5.72993152387663e-17
48 31 1.6657764246245683e-17
48 32 3.241562852116576e-17
48 36 2.194019392645939e-30
48 38 2.8472948297820895e-29
48 41 1.1103217240985741e-28
48 42 1.2301299740790153e-29
48 43 1.0920793156653382e-29
48 44 1.67632942359465e-29
49 0 16.666666666666664
49 2 1.2209729408800792e-13
49 5 2.3323531927560686e-14
49 6 5.125311278199136e-15
49 7 7.734696062221876e-15
49 8 2.0250144483709598e-15
49 9 1.5987558833085042e-14
49 11 2.7080917731301936e-15
49 14 3.0194129156625494e-15
49 15 6.563629159975961e-15
49 16 3.4458850439927845e-15
49 17 2.7739055009501192e-15
49 19 5.600919298043548e-15
49 21 1.3414677942593011e-15
49 22 4.018761258017543e-15
49 23 4.2575690200595555e-15
49 24 8.157117436309046e-15
49 25 4.927444262900079e-15
49 26 7.673884227949085e-16
49 27 4.20721545014678e-16
49 28 4.673508199959064e-15
49 29 4.997402645885349e-15
49 30 6.92839358114267e-15
49 31 1.9809615562633358e-15
49 32 1.2088262067920224e-15
49 33 2.7971920043301676e-15
49 34 2.797192004330237e-15
49 35 2.7971920043301826e-15
49 36 2.7971920043302394e-15
49 37 2.797192004330148e-15
49 38 2.7971920043302173e-15
49 39 2.7971920043301668e-15
49 40 2.7971920043301984e-15
49 41 2.7971920043302283e-15
49 42 2.7971920043301936e-15
49 43 2.7971920043302204e-15
49 44 2.7971920043302212e-15
49 45 2.7971920043302694e-15
49 46 2.7971920043302315e-15
49 47 2.79719200433024e-15
49 48 2.7971920043301984e-15